0000   9c 53 22 86 98 ea 38 0a ab 95 fa 20 08 00 45 02   .S"...8.... ..E.
0010   02 7c e3 ea 40 00 40 06 2f 3f 0a 78 08 26 0a 78   .|..@.@./?.x.&.x
0020   08 3b 00 23 e3 1d 3f d9 2c 48 03 d6 1e 34 80 18   .;.#..?.,H...4..
0030   00 f3 98 33 00 00 01 01 08 0a 16 91 e4 ce 68 61   ...3..........ha
0040   9f 91 20 20 20 20 20 20 22 69 73 41 63 63 65 70   ..      "isAccep
0050   74 69 6e 67 4a 6f 62 73 22 3a 20 74 72 75 65 2c   tingJobs": true,
0060   0a 20 20 20 20 20 20 20 20 22 69 73 44 61 73 68   .        "isDash
0070   62 6f 61 72 64 52 65 67 69 73 74 72 61 74 69 6f   boardRegistratio
0080   6e 41 6c 6c 6f 77 65 64 22 3a 20 66 61 6c 73 65   nAllowed": false
0090   2c 0a 20 20 20 20 20 20 20 20 22 69 73 50 72 69   ,.        "isPri
00a0   6d 65 64 22 3a 20 66 61 6c 73 65 2c 0a 20 20 20   med": false,.
00b0   20 20 20 20 20 22 69 73 50 72 69 6e 74 69 6e 67        "isPrinting
00c0   22 3a 20 74 72 75 65 2c 0a 20 20 20 20 20 20 20   ": true,.
00d0   20 22 6d 61 74 65 72 69 61 6c 43 72 65 64 69 74    "materialCredit
00e0   5f 67 22 3a 20 2d 31 39 32 31 2c 0a 20 20 20 20   _g": -1921,.
00f0   20 20 20 20 22 70 6f 77 64 65 72 4c 65 76 65 6c       "powderLevel
0100   22 3a 20 32 2c 0a 20 20 20 20 20 20 20 20 22 70   ": 2,.        "p
0110   72 69 6d 65 64 54 69 6d 65 6f 75 74 5f 55 6e 69   rimedTimeout_Uni
0120   78 53 74 61 6d 70 22 3a 20 31 37 37 34 32 33 39   xStamp": 1774239
0130   36 31 30 2c 0a 20 20 20 20 20 20 20 20 22 70 72   610,.        "pr
0140   69 6e 74 65 72 49 73 73 75 65 73 22 3a 20 5b 0a   interIssues": [.
0150   20 20 20 20 20 20 20 20 5d 2c 0a 20 20 20 20 20           ],.
0160   20 20 20 22 70 72 69 6e 74 65 72 4d 61 74 65 72      "printerMater
0170   69 61 6c 22 3a 20 22 46 4c 50 31 32 42 30 31 22   ial": "FLP12B01"
0180   2c 0a 20 20 20 20 20 20 20 20 22 70 72 69 6e 74   ,.        "print
0190   69 6e 67 4a 6f 62 47 75 69 64 22 3a 20 22 7b 64   ingJobGuid": "{d
01a0   63 38 61 61 35 64 36 2d 32 38 39 39 2d 34 30 32   c8aa5d6-2899-402
01b0   30 2d 39 36 65 36 2d 66 63 37 30 65 61 61 33 35   0-96e6-fc70eaa35
01c0   63 33 33 7d 22 2c 0a 20 20 20 20 20 20 20 20 22   c33}",.        "
01d0   70 72 69 6e 74 69 6e 67 4a 6f 62 52 65 76 69 73   printingJobRevis
01e0   69 6f 6e 22 3a 20 30 2c 0a 20 20 20 20 20 20 20   ion": 0,.
01f0   20 22 70 72 69 6e 74 69 6e 67 4c 61 79 65 72 22    "printingLayer"
0200   3a 20 33 37 32 2c 0a 20 20 20 20 20 20 20 20 22   : 372,.        "
0210   76 6f 6c 74 61 67 65 43 6f 64 65 22 3a 20 30 0a   voltageCode": 0.
0220   20 20 20 20 7d 2c 0a 20 20 20 20 22 52 65 70 6c       },.    "Repl
0230   79 54 6f 4d 65 74 68 6f 64 22 3a 20 22 50 52 4f   yToMethod": "PRO
0240   54 4f 43 4f 4c 5f 4d 45 54 48 4f 44 5f 47 45 54   TOCOL_METHOD_GET
0250   5f 53 54 41 54 55 53 22 2c 0a 20 20 20 20 22 53   _STATUS",.    "S
0260   75 63 63 65 73 73 22 3a 20 74 72 75 65 2c 0a 20   uccess": true,.
0270   20 20 20 22 56 65 72 73 69 6f 6e 22 3a 20 31 0a      "Version": 1.
0280   7d 0a 00 00 00 00 00 00 00 00                     }.........