0000   9c 53 22 86 98 ea 38 0a ab 95 fa 20 08 00 45 02   .S"...8.... ..E.
0010   05 dc e3 e9 40 00 40 06 2b e0 0a 78 08 26 0a 78   ....@.@.+..x.&.x
0020   08 3b 00 23 e3 1d 3f d9 26 a0 03 d6 1e 34 80 10   .;.#..?.&....4..
0030   00 f3 eb 6f 00 00 01 01 08 0a 16 91 e4 ce 68 61   ...o..........ha
0040   9f 91 e4 07 00 00 7b 0a 20 20 20 20 22 49 64 22   ......{.    "Id"
0050   3a 20 22 7b 39 30 30 62 33 36 32 66 2d 63 36 61   : "{900b362f-c6a
0060   31 2d 34 30 64 64 2d 61 61 31 38 2d 31 33 35 33   1-40dd-aa18-1353
0070   36 62 35 38 35 61 31 63 7d 22 2c 0a 20 20 20 20   6b585a1c}",.
0080   22 50 61 72 61 6d 65 74 65 72 73 22 3a 20 7b 0a   "Parameters": {.
0090   20 20 20 20 20 20 20 20 22 62 65 64 54 65 6d 70           "bedTemp
00a0   65 72 61 74 75 72 65 5f 43 22 3a 20 31 36 39 2e   erature_C": 169.
00b0   31 38 39 34 35 33 31 32 35 2c 0a 20 20 20 20 20   189453125,.
00c0   20 20 20 22 63 75 72 72 65 6e 74 6c 79 52 75 6e      "currentlyRun
00d0   6e 69 6e 67 4a 6f 62 48 65 69 67 68 74 73 22 3a   ningJobHeights":
00e0   20 5b 0a 20 20 20 20 20 20 20 20 20 20 20 20 7b    [.            {
00f0   0a 20 20 20 20 20 20 20 20 20 20 20 20 20 20 20   .
0100   20 22 68 65 69 67 68 74 43 6f 6c 64 46 69 6c 6c    "heightColdFill
0110   73 5f 6d 6d 22 3a 20 33 2c 0a 20 20 20 20 20 20   s_mm": 3,.
0120   20 20 20 20 20 20 20 20 20 20 22 68 65 69 67 68             "heigh
0130   74 43 6f 72 65 50 72 69 6e 74 5f 6d 6d 22 3a 20   tCorePrint_mm":
0140   32 39 33 2e 32 36 2c 0a 20 20 20 20 20 20 20 20   293.26,.
0150   20 20 20 20 20 20 20 20 22 68 65 69 67 68 74 48           "heightH
0160   6f 74 50 72 65 63 6f 61 74 73 5f 6d 6d 22 3a 20   otPrecoats_mm":
0170   36 2e 36 2c 0a 20 20 20 20 20 20 20 20 20 20 20   6.6,.
0180   20 20 20 20 20 22 68 65 69 67 68 74 50 6f 73 74        "heightPost
0190   50 72 69 6e 74 5f 6d 6d 22 3a 20 30 2e 38 38 30   Print_mm": 0.880
01a0   30 30 30 30 30 30 30 30 30 30 30 30 31 2c 0a 20   0000000000001,.
01b0   20 20 20 20 20 20 20 20 20 20 20 20 20 20 20 22                  "
01c0   6a 6f 62 42 75 6e 64 6c 65 49 6e 64 65 78 22 3a   jobBundleIndex":
01d0   20 30 2c 0a 20 20 20 20 20 20 20 20 20 20 20 20    0,.
01e0   20 20 20 20 22 6a 6f 62 47 75 69 64 22 3a 20 22       "jobGuid": "
01f0   7b 33 36 34 64 62 63 62 35 2d 66 35 66 65 2d 34   {364dbcb5-f5fe-4
0200   33 63 65 2d 38 36 36 62 2d 62 65 32 65 38 37 38   3ce-866b-be2e878
0210   31 65 64 62 32 7d 22 0a 20 20 20 20 20 20 20 20   1edb2}".
0220   20 20 20 20 7d 0a 20 20 20 20 20 20 20 20 5d 2c       }.        ],
0230   0a 20 20 20 20 20 20 20 20 22 63 79 6c 69 6e 64   .        "cylind
0240   65 72 4c 61 73 74 50 72 69 6e 74 22 3a 20 7b 0a   erLastPrint": {.
0250   20 20 20 20 20 20 20 20 20 20 20 20 22 6a 6f 62               "job
0260   47 75 69 64 22 3a 20 22 7b 33 36 34 64 62 63 62   Guid": "{364dbcb
0270   35 2d 66 35 66 65 2d 34 33 63 65 2d 38 36 36 62   5-f5fe-43ce-866b
0280   2d 62 65 32 65 38 37 38 31 65 64 62 32 7d 22 2c   -be2e8781edb2}",
0290   0a 20 20 20 20 20 20 20 20 20 20 20 20 22 6c 61   .            "la
02a0   79 65 72 73 50 72 69 6e 74 65 64 22 3a 20 33 37   yersPrinted": 37
02b0   31 2c 0a 20 20 20 20 20 20 20 20 20 20 20 20 22   1,.            "
02c0   6d 65 74 61 64 61 74 61 55 70 64 61 74 65 54 69   metadataUpdateTi
02d0   6d 65 73 74 61 6d 70 22 3a 20 22 32 30 32 36 2d   mestamp": "2026-
02e0   30 35 2d 30 36 54 30 30 3a 31 34 3a 34 35 22 2c   05-06T00:14:45",
02f0   0a 20 20 20 20 20 20 20 20 20 20 20 20 22 70 72   .            "pr
0300   69 6e 74 47 75 69 64 22 3a 20 22 7b 64 63 38 61   intGuid": "{dc8a
0310   61 35 64 36 2d 32 38 39 39 2d 34 30 32 30 2d 39   a5d6-2899-4020-9
0320   36 65 36 2d 66 63 37 30 65 61 61 33 35 63 33 33   6e6-fc70eaa35c33
0330   7d 22 2c 0a 20 20 20 20 20 20 20 20 20 20 20 20   }",.
0340   22 70 72 69 6e 74 65 72 53 65 72 69 61 6c 22 3a   "printerSerial":
0350   20 22 41 71 75 61 43 61 72 64 69 6e 61 6c 22 2c    "AquaCardinal",
0360   0a 20 20 20 20 20 20 20 20 20 20 20 20 22 74 6f   .            "to
0370   74 61 6c 4c 61 79 65 72 73 22 3a 20 32 36 36 36   talLayers": 2666
0380   0a 20 20 20 20 20 20 20 20 7d 2c 0a 20 20 20 20   .        },.
0390   20 20 20 20 22 63 79 6c 69 6e 64 65 72 4d 61 74       "cylinderMat
03a0   65 72 69 61 6c 43 6f 64 65 22 3a 20 22 46 4c 50   erialCode": "FLP
03b0   31 32 42 30 31 22 2c 0a 20 20 20 20 20 20 20 20   12B01",.
03c0   22 63 79 6c 69 6e 64 65 72 4d 65 63 68 61 6e 69   "cylinderMechani
03d0   63 61 6c 56 65 72 73 69 6f 6e 22 3a 20 30 2c 0a   calVersion": 0,.
03e0   20 20 20 20 20 20 20 20 22 63 79 6c 69 6e 64 65           "cylinde
03f0   72 53 65 72 69 61 6c 22 3a 20 22 42 43 2d 46 53   rSerial": "BC-FS
0400   31 2d 31 32 30 56 2d 46 37 34 4e 57 22 2c 0a 20   1-120V-F74NW",.
0410   20 20 20 20 20 20 20 22 63 79 6c 69 6e 64 65 72          "cylinder
0420   54 72 61 63 6b 69 6e 67 22 3a 20 7b 0a 20 20 20   Tracking": {.
0430   20 20 20 20 20 20 20 20 20 22 6e 75 6d 62 65 72            "number
0440   4f 66 4c 61 79 65 72 73 22 3a 20 31 31 32 31 34   OfLayers": 11214
0450   2c 0a 20 20 20 20 20 20 20 20 20 20 20 20 22 6e   ,.            "n
0460   75 6d 62 65 72 4f 66 4c 61 79 65 72 73 53 69 6e   umberOfLayersSin
0470   63 65 53 65 61 6c 52 65 70 6c 61 63 65 6d 65 6e   ceSealReplacemen
0480   74 22 3a 20 31 31 32 31 34 2c 0a 20 20 20 20 20   t": 11214,.
0490   20 20 20 20 20 20 20 22 6e 75 6d 62 65 72 4f 66          "numberOf
04a0   50 72 69 6e 74 73 22 3a 20 30 2c 0a 20 20 20 20   Prints": 0,.
04b0   20 20 20 20 20 20 20 20 22 74 6f 74 61 6c 54 72           "totalTr
04c0   61 76 65 6c 53 69 6e 63 65 53 65 61 6c 52 65 70   avelSinceSealRep
04d0   6c 61 63 65 6d 65 6e 74 5f 6d 6d 22 3a 20 32 31   lacement_mm": 21
04e0   35 39 33 2e 38 35 38 33 39 38 34 33 37 35 2c 0a   593.8583984375,.
04f0   20 20 20 20 20 20 20 20 20 20 20 20 22 74 6f 74               "tot
0500   61 6c 54 72 61 76 65 6c 5f 6d 6d 22 3a 20 32 31   alTravel_mm": 21
0510   35 39 33 2e 38 35 38 33 39 38 34 33 37 35 0a 20   593.8583984375.
0520   20 20 20 20 20 20 20 7d 2c 0a 20 20 20 20 20 20          },.
0530   20 20 22 63 79 6c 69 6e 64 65 72 5a 41 78 69 73     "cylinderZAxis
0540   52 61 6e 67 65 5f 6d 6d 22 3a 20 33 31 36 2e 39   Range_mm": 316.9
0550   33 37 35 2c 0a 20 20 20 20 20 20 20 20 22 65 73   375,.        "es
0560   74 69 6d 61 74 65 64 50 72 69 6e 74 54 69 6d 65   timatedPrintTime
0570   52 65 6d 61 69 6e 69 6e 67 5f 6d 73 22 3a 20 35   Remaining_ms": 5
0580   36 36 30 38 33 35 34 2e 38 30 33 36 37 33 38 32   6608354.80367382
0590   2c 0a 20 20 20 20 20 20 20 20 22 65 73 74 69 6d   ,.        "estim
05a0   61 74 65 64 54 6f 74 61 6c 50 72 69 6e 74 54 69   atedTotalPrintTi
05b0   6d 65 5f 6d 73 22 3a 20 37 32 30 30 38 37 38 38   me_ms": 72008788
05c0   2e 38 30 33 36 37 33 38 32 2c 0a 20 20 20 20 20   .80367382,.
05d0   20 20 20 22 68 69 67 68 4c 65 76 65 6c 53 74 61      "highLevelSta
05e0   74 65 22 3a 20 35 2c 0a 20 20                     te": 5,.